10 22 3

0 134 211 206 152 147 224 171 166 112 
237 0 179 106 202 197 144 221 216 162 
109 234 0 175 122 199 194 140 237 212 
159 105 100 0 172 118 215 190 137 233 
209 155 150 247 0 168 115 212 187 133 
128 225 152 147 243 0 165 112 208 183 
130 226 221 148 245 240 0 113 108 205 
200 126 223 218 164 241 236 0 129 105 
201 148 123 220 166 161 238 184 0 126 
101 198 144 139 216 163 158 104 181 0 

0 132 107 102 199 194 121 116 212 187 
134 0 225 201 147 142 239 214 160 155 
232 227 0 168 245 240 187 162 109 103 
200 175 122 0 213 188 135 232 207 202 
148 143 220 215 0 108 233 180 175 102 
246 193 188 115 110 0 181 128 123 220 
195 141 136 233 208 155 0 226 221 168 
163 240 234 181 156 103 248 0 169 116 
111 208 183 129 226 201 196 142 0 214 
209 156 131 227 222 169 246 241 187 0 

302 0 4 300
246 0 4 489
353 0 4 352
325 0 1 291
433 0 1 354
298 0 1 463
314 1 2 479
344 1 2 263
381 2 3 301
246 2 3 410
276 2 3 273
292 3 4 289
399 3 4 319
460 3 4 350
248 3 4 492
278 3 4 275
358 4 0 357
380 4 0 300
441 4 0 330
471 4 0 392
258 4 0 255
288 4 0 286

3445

0 0 0
1 969 26
2 944 25
3 918 20
4 794 49
5 260 48
6 885 34
7 618 33
8 593 22
9 567 47
