10 14 3

0 235 182 177 123 248 195 142 117 213 
208 0 232 227 173 120 245 192 186 133 
210 205 0 248 223 170 116 242 188 183 
130 206 201 0 245 220 166 113 108 185 
131 126 223 198 0 241 216 163 109 104 
181 128 123 219 146 0 238 184 159 106 
203 197 124 119 216 162 0 234 181 156 
102 199 194 121 217 212 159 0 231 177 
172 249 196 190 137 214 209 155 0 227 
174 120 246 192 139 134 210 205 152 0 

0 162 108 233 180 175 122 247 193 188 
115 0 207 201 128 123 220 195 141 136 
233 208 0 150 246 221 168 163 240 235 
181 176 103 0 194 170 116 111 208 183 
129 124 221 196 0 138 214 209 156 151 
228 223 169 116 241 0 182 109 104 201 
196 122 117 214 189 136 0 227 202 149 
144 240 216 162 157 234 181 0 122 247 
194 189 135 110 207 202 129 124 0 215 
142 137 233 209 155 150 247 222 168 0 

302 0 3 476
493 0 3 416
355 0 9 273
418 0 9 387
279 0 9 419
301 1 9 441
412 1 9 299
443 1 9 364
473 1 0 395
335 1 0 335
445 1 0 367
387 2 0 389
409 3 0 329
351 9 0 352

2819

0 0 0
1 381 33
2 356 32
3 330 27
4 956 26
5 422 25
6 905 40
7 781 29
8 514 28
9 730 23
